-0.79,3.04
0.22,-2.99
-1.47,-2.77
3.15,1.11
-1.14,-1.03
-2.89,-1.07
-1.16,-3.07
3.45,3.07
-3.26,-2.75
-2.74,2.96
-0.92,-3.00
2.89,0.80
-0.91,-0.76
-2.93,-1.13
-3.20,-3.37
-3.23,2.88
-1.10,-2.86
0.87,-3.03
-0.69,-3.51
-0.56,0.74
-0.83,-1.00
-1.02,-3.07
-2.01,-2.49
-1.06,1.25
-1.31,-1.05
-3.44,-2.73
-3.12,-2.76
-3.10,2.84
-0.64,-2.81
-0.60,0.98
-1.20,-3.35
-2.97,0.55
-0.76,-1.33
-1.00,3.57
-1.04,-2.79
-0.76,0.33
-0.80,-2.88
1.40,-2.79
-2.79,-2.50
-2.98,2.21
-1.19,-1.28
-1.11,-1.51
-0.70,-3.11
2.81,0.98
-0.70,-1.07
-1.12,2.95
0.09,-3.03
3.56,2.74
-0.45,-2.74
0.99,-1.04
-0.78,-0.77
-1.38,0.83
-0.70,-0.59
-1.18,2.93
-2.86,-3.32
-3.02,2.59
-0.89,-0.68
-3.27,-1.27
-0.87,-0.82
-0.55,3.37
-1.38,-3.08
-1.42,1.14
-1.29,-3.17
-3.02,1.17
-0.65,-3.25
1.17,0.69
-1.18,-2.82
-1.37,0.70
-0.64,-3.15
-1.11,3.20
-2.49,-2.62
-3.10,3.18
-0.92,-3.02
-3.06,-3.09
0.19,-1.10
-0.82,1.45
-1.05,-2.87
1.30,-2.86
-2.83,-3.36
-3.19,2.75
-1.17,-3.49
-1.04,-3.19
-1.03,-3.08
0.59,-1.13
-1.28,-1.04
-3.06,-3.17
-3.20,-3.07
-3.03,3.07
-1.28,-3.19
-1.01,-1.01
-1.22,-3.06
0.84,-0.48
-0.78,-0.92
-1.23,1.40
-0.94,-1.09
-3.05,-2.98
-0.81,-2.72
0.77,1.28
-0.92,-2.71
-1.37,1.05
0.22,-0.78
-1.14,2.88
-2.91,-3.30
-2.71,3.26
-1.13,-2.74
-1.02,0.61
-1.13,-2.93
-3.55,0.79
-0.66,-0.98
-0.99,3.31
-1.07,-3.25
-1.05,0.69
-1.14,-1.10
-2.48,-3.37
-1.28,-0.69
-3.26,-0.77
